9000000164101
3000020018075
1000000432590
3000010011630
3000010002919
3000020017468
3000010033386
3000010008558
9000000403225
3000020005766
10358
1000000174526
1000000659558
239660
304294
1000000371801
9000000325127
3000020008106
3000020001159
2000000074130
1000000406863
3000010035096
1000000622174
9000000928016
3000020016501
2000000234324
1000000374856
1000000412195
3000010006828
519494
2000000188575
3000020017791
3000010021338
3000010015787
1000000543491
1000000459643
3000010040728
1000000394855
97800
3000020020693
2000000188211
109275
4000001082393
3000010032297
1000000471382
1000000188683
1000000468011
1000000389916
3000020011251
174434
3000010014673
9000000502263
9000000025769
1000000345563
9000000427712
3000020018849
3000020012530
3000010007237
3000010043619
1000000616421
3000020001373
3000010016089
1000000440874
1000000352307
1000000326199
317926
3000010025469
1000000569089
221396
109163
9000000972702
3000010007415
9000000470186
3000010008860
1000000468380
3000020005696
1000000465396
1000000308772
1000000530874
4000000965930
3000010036139
1000000528422
1000000568783
1000000422942
546504
3000020005732
3000020001718
284035
3000020009811
3000010031926
3000010008024
3000010007851
181781
3000020002282
3000020012454
3000010041422
3000010018982
3000010001262
3000020016349
1000000537144
1000000479229
9000000287983
3000010022669
9000000457801
3000020013989
9000001043105
567501
9000000987075
3000020001681
3000020000539
3000010034911
3000010000491
1000000481307
1000000476765
1000000424627
3000010021708
9000000760234
1000000559986
9000000133929
3000010011145
9000000928484
529503
3000010016373
1000000378989
1000000327155
3000010025520
2000000234832
1000000327164
568340
98946
9000000974438
3000010035671
3000010003215
9000000502289
3000020005781
3000010033835
546199
4000000982355
3000020003904
4000000454532
3000010002189
3000010018963
3000010018588
1000000623440
407207
9000000925819
9000000134398
4000000944158
3000020019881
3000010002898
3000010000411
159262
3000010012957
1000000489531
3000020019363
3000020005372
3000010035206
3000010025755
77323
43455
10427
3000020009246
1000000569099
3000020006239
3000010043125
1000000535902
3000020001005
3000010002506
3000010000835
9000001109849
9000000961953
3000020001857
3000010040433
3000010015572
1000000544219
5354
3000010013811
3000010010287
3000010010075
1000000324152
335926
3000010038366
2000000141061
1000000538150
3000010036265
1000000575225
1000000493404
3000010003885
1000000250395
3000020014939
1000000512730
1000000392297
412284
9000000888042
2000000081564
1000000510987
1000000474761
9000001046910
9000000501876
3000010042946
1000000436728
9000000987153
9000000973340
3000010015773
1000000570021
1000000439491
514920
290326
9000000881966
3000010011828
1000000439568
290898
2000000233738
1000000493772
9000000925869
1000000477754
9000000966653
9000000320974
9000000134929
3000010039288
3000010007380
1000000574639
1000000549825
1000000485717
3000010017957
3000010013250
1000000471877
1000000468834
1000000461253
267855
3000010003078
1000000448120
9000000984580
4000001031836
3000020006667
3000020005695
3000010030027
1000000547941
1000000476986
1000000459725
36241400000
3000010026943
1000000888814
3000020009991
3000010009358
1000000552935
1000000464390
487255
430943
3000020004964
2000000235266
43987100000
41735000000
529388
3000020011773
3000020001263
3000010034947
3000010016382
3000010011806
3000010010910
1000000327150
9000000502280
3000020017614
1000000260384
1000000254335
10432
9000001072324
3000020017708
3000020006527
3000010042746
3000010027042
3000010015627
1000000416064
46181400000
43977800000
3000020008105
3000020005814
3000020003503
3000020003190
1000000621168
39787100000
9000000883287
3000020016754
3000010025083
3000010001915
567385
3000010042535
2000000608481
1000000608695
1000000439159
46036800000
3000020012434
3000020008984
3000010028960
3000010025797
1000000564502
3000010039407
3000010013607
2000000081638
1000000668638
1000000327760
3000010020726
1000000716394
1000000569111
9000001137275
3000020019059
3000010007445
3000010001538
1000000533403
1000000530266
1000000327135
1000000250305
3000020007170
551808
3000020019697
3000020012085
3000020002051
3000010030369
3000010015278
3000010013809
3000010011762
1000000328653
547884
9000000122281
3000020021201
3000020019841
3000020015056
3000020007708
3000020003525
3000020000546
1000000555467
1000000545540
9000001040402
3000020010510
3000020001418
2000000179189
3000020013044
3000010027005
234426
3000020018338
3000010031105
3000010021293
1000000622509
44101900000
3000010007451
1000000573245
1000000509829
255142
9000000134022
3000020015674
3000020001615
3000010002240
1000000507040
546868
9000000789047
9000000399293
3000010004058
1000000528259
1000000525519
1000000277780
9000000369747
1000000514460
9000001070928
3000020004076
3000010018556
3000010014372
2000000082217
2000000080329
1000000427332
3000020018105
3000020007575
3000010005742
1000001018441
1000000597896
1000000512701
1000000426906
1000000340757
3000020015455
3000010031571
3000010030563
3000010013942
3000010000052
2000000141151
1000000605751
1000000533297
9000000889886
9000000722154
3000020018408
3000020004043
3000010033107
3000010015030
3000010002773
3000010001959
3000010001348
1000000479186
479089
9000000653621
3000010007111
1000000570911
3000020018656
3000010041851
3000010040222
3000010015987
3000010000864
1000000554540
1000000465513
1000000361738
9000001203735
3000020018617
3000020008327
3000010007564
3000010005513
3000010004915
1000000600043
1000000394832
400
9000001047277
9000000164371
3000020004068
3000020002677
3000020001953
3000010040071
3000010036107
1000000410000
9000001072135
9000000928506
3000020003906
3000010022900
2000000217322
1000000765872
9000000919093
3000020001746
3000010026216
3000010015676
3000010000501
2000000232667
1000000617473
1000000451543
545439
9000001202205
9000000775915
3000010008329
1000000510998
1000000487851
178285
9000000802066
3000020010466
3000020007972
3000010034362
3000010022240
3000010019591
3000010019028
3000010000309
1000000678319
1000000495796
1000000476319
1000000450391
1000000366265
1000000216983
9000000973730
9000000801933
9000000159591
3000020009671
3000020000943
3000020000041
3000010042424
3000010041168
3000010004190
1000000571689
1000000568829
1000000531611
1000000465505
1000000463579
1000000421166
45210400000
262651
9000000133994
3000010043643
3000010002260
1000000473802
1000000364661
164241
9000000103880
2000000233764
2000000232436
1000000475431
4000000911790
3000020015477
3000010026473
2000000188576
1000000572780
1000000572520
1000000538156
1000000531367
1000000489570
9000000985440
3000020006100
3000010042795
3000010034778
3000010017104
3000010000832
3000010000560
1000000493046
1000000361448
9000001043660
9000000339265
9000000134047
3000020016123
3000020015298
3000020008271
3000010042612
3000010040572
3000010013865
3000010011709
1000000508391
1000000464147
256667
9000000297492
9000000291976
3000020004267
3000020002317
3000020002263
3000010042591
3000010024175
3000010018491
3000010009311
2000000080473
1000001858514
1000001050718
1000000874012
1000000457269
1000000420258
1000000407378
10389
3000020017462
3000020011287
3000020006952
3000020005521
3000010038339
3000010032529
3000010018316
3000010002439
3000010002048
1000000803227
1000000445480
1000000337787
1000000117962
281587
109138
9000000217593
3000020017028
3000020010433
3000020004247
3000010042710
3000010042401
3000010040353
3000010038507
3000010012814
3000010006682
1000000627320
1000000496054
1000000451544
1000000314703
444334
9000000733640
3000020015384
3000010007607
3000010000731
1000000581695
69553
9000000637727
3000020018435
3000010041043
3000010016090
3000010005683
3000010001127
1000000576610
1000000490513
1000000465719
10392
9000000806299
3000020017340
3000020010462
3000020001283
3000020000941
3000010040841
3000010037008
3000010012715
3000010004070
1000000663570
1000000579637
1000000551020
1000000509870
1000000476097
1000000466751
1000000419925
1000000338980
9000000985649
9000000643063
3000020015327
3000010029021
3000010025873
3000010017092
3000010013391
3000010012047
3000010000865
3000010000541
1000000536926
1000000481378
1000000464265
1000000458721
1000000409029
9000001007154
3000020011376
3000020009589
3000010039355
3000010032247
3000010013404
2000000233687
1000000572139
1000000569088
1000000503899
1000000491737
1000000373331
9000001151056
9000000985956
3000020014935
3000020010465
3000020007288
3000020005888
3000020001926
3000010041297
3000010034322
3000010027702
3000010002436
3000010000363
2000000208022
1000000543490
1000000463296
1000000370663
1000000358594
1000000323756
1000000264044
3000020013259
3000010033116
3000010016372
3000010001591
3000010000698
1000000496052
1000000438866
532093
9000001136162
9000001046829
9000000611624
9000000336409
9000000001177
3000020020275
3000010043778
3000010036356
3000010013504
3000010012239
3000010004307
1000000573533
1000000569305
1000000483856
1000000480728
1000000441966
1000000310388
625731
9000001071423
9000000985031
9000000973643
9000000661811
9000000025510
4000000623520
3000020017903
3000020013923
3000020011121
3000020009953
3000010020987
3000010018399
3000010017325
3000010003933
2000000217381
2000000071686
1000000456628
1000000427719
1000000372188
44546300000
44301400000
251822
161787
9000000485327
3000020013784
3000020012659
3000010040436
3000010030791
3000010021442
3000010018988
3000010002607
1000000515752
1000000437749
1000000391021
301630
9000000974175
9000000635777
9000000516395
3000020008965
3000020007604
3000020002307
3000010039664
3000010021789
3000010004112
2000000165045
1000000541498
1000000524461
1000000510983
1000000462948
1000000454294
1000000402088
1000000362312
1000000337594
1000000311030
1000000243985
408551
65162
4996
9000000973617
3000020016114
3000020012319
3000010022929
3000010016705
2000000253599
2000000161052
568106
9000001136268
9000001136259
9000000987821
9000000974111
9000000967352
3000020012156
3000020002645
3000010042748
3000010025471
3000010012726
3000010002243
1000000606161
1000000460196
289496
9000000317191
9000000303428
9000000101761
3000020009391
3000020003607
3000020002242
3000010033586
3000010031608
3000010026977
3000010011236
3000010009238
3000010000722
1000000407337
1000000115068
223137
9000001136167
9000000985554
9000000667464
9000000122209
4000000387831
3000020021419
3000020001316
3000010031695
3000010000510
2000000156796
2000000074323
1000000567184
1000000358659
84796
9000001106502
9000000924945
3000020011305
3000020009998
3000020004079
3000010040670
3000010017331
3000010003829
3000010001796
2000000225794
2000000165042
2000000053588
1000000605826
1000000412639
1000000377533
1000000374041
239516
9000000974531
9000000924409
9000000809376
9000000159526
4000000383359
3000020013654
3000020012199
3000020011602
3000020004839
3000020001974
3000020001612
3000020000346
3000010041749
3000010040192
3000010032922
3000010032573
3000010031866
3000010024071
3000010018333
3000010012424
3000010009457
3000010005433
3000010005083
3000010004075
3000010001517
1000000582504
1000000482022
1000000475234
1000000463994
1000000394821
9000000984997
9000000972055
9000000369887
9000000135056
3000020007585
3000020005184
3000010040350
3000010036214
3000010031310
3000010025931
3000010006851
3000010000703
2000000234031
2000000081530
1000000608424
1000000421556
1000000388422
1000000187539
411999
315883
9000000877224
9000000159607
3000020004656
3000010041050
3000010037346
3000010032895
3000010014140
1000000735765
1000000458582
1000000403984
63306
47790
9000001136097
9000001043354
9000000297508
9000000159533
3000020018288
3000020008171
3000020004829
3000010015880
3000010004065
3000010003281
3000010003228
1000000652287
1000000577797
1000000571380
1000000508230
1000000490003
46040000000
40462500000
109250
9000001072570
9000001023023
9000000966548
9000000643076
9000000434679
3000020015484
3000020008026
3000020003298
3000010038474
1000000590535
1000000441102
186730
10403
9000000966869
9000000961973
9000000806826
9000000710218
9000000321045
4000000421870
3000020015486
3000010040922
3000010034939
3000010002094
3000010000538
3000010000311
1000001792168
1000000558298
1000000547631
1000000514129
1000000512734
1000000471419
1000000471397
1000000314448
1000000247996
41726000000
9000000803354
9000000633030
9000000477650
9000000370014
4000000469323
3000020019568
3000010041018
3000010033376
3000010022677
3000010018579
3000010011556
3000010009099
3000010007690
3000010006659
3000010003279
3000010000867
2000000187613
1000000568592
1000000550449
1000000533870
43639200000
410015
9000000972491
9000000889298
9000000001164
3000020018164
3000020016933
3000020014986
3000020014260
3000020011126
3000020000628
3000010036223
3000010034001
3000010021593
3000010001185
3000010000960
2000000361640
2000000253174
2000000195670
2000000092769
1000000619287
1000000575977
1000000552783
1000000542022
1000000537540
1000000465523
1000000451926
1000000340328
9000000987930
9000000503173
3000020010384
3000010041284
3000010038281
3000010035950
3000010032829
3000010030228
3000010025499
3000010018787
3000010012549
3000010010970
3000010009969
3000010005651
3000010003751
3000010000962
2000000215303
2000000182888
2000000178303
1000001858794
1000000644385
1000000543710
1000000471835
1000000454439
1000000446556
1000000443815
41730000000
72005
9000000928259
5000003487257
3000020014744
3000020011875
3000020003208
3000020000022
3000010040195
3000010034952
3000010016297
3000010012551
3000010009796
3000010008545
3000010007796
3000010002939
3000010002658
1000000623441
1000000492035
1000000485033
1000000365916
523213
307668
267477
255185
154785
10418
9000000974816
9000000925658
9000000561086
4000000622459
3000020010024
3000020003573
3000020002312
3000010041322
3000010039190
3000010034313
3000010033277
3000010021422
3000010019579
3000010018123
3000010015639
3000010011290
3000010010710
3000010009609
3000010008297
3000010008084
3000010008040
3000010003256
3000010003002
2000000151061
1000001736170
1000000674960
1000000604069
1000000559410
1000000506979
1000000482035
1000000481373
1000000474697
1000000453610
1000000443749
1000000395076
1000000273063
9000001136146
9000000459909
4000000443225
3000020001054
3000020000706
3000020000230
3000010040062
3000010037262
3000010036904
3000010027077
3000010019177
3000010005674
3000010005542
3000010005081
3000010004088
3000010001559
2000000217794
2000000081026
1000000852861
1000000814608
1000000571426
1000000464752
1000000448099
1000000413496
1000000388921
445322
9000001136117
9000000971091
9000000927659
9000000502240
9000000159573
3000020006840
3000020002623
3000020002400
3000010043725
3000010042473
3000010041467
3000010035716
3000010031652
3000010019425
3000010016717
3000010013667
3000010007592
3000010003121
3000010002045
2000000027818
1000001045391
1000000644817
1000000621078
1000000543845
1000000538846
1000000533654
1000000512429
1000000482015
1000000477059
1000000323749
1000000126871
477943
10587
9000000459485
9000000135102
3000020008972
3000020006825
3000020006580
3000020000359
3000010038284
3000010028534
3000010017799
3000010003888
3000010001305
2000000362010
1000000568088
1000000466839
1000000363228
1000000326131
344407
270967
186716
149200
108795
9000001136025
9000000985511
9000000808523
9000000648654
9000000134034
3000020015273
3000020010020
3000020009983
3000020005166
3000020002461
3000010042794
3000010038936
3000010036675
3000010023761
3000010015511
3000010014882
3000010001781
3000010000143
1000000647994
1000000579040
1000000559018
1000000530560
1000000465708
1000000465393
1000000455942
1000000426843
1000000426081
1000000339000
478485
9000000434581
9000000094313
4000000473964
3000020020412
3000020017193
3000020015863
3000020015131
3000020014839
3000020013623
3000020007658
3000020003179
3000020001998
3000010037615
3000010015250
3000010011287
3000010009263
3000010006591
3000010006157
3000010000522
2000000235327
2000000033800
1000001858397
1000000888799
1000000648789
1000000487473
1000000464026
1000000446333
1000000402096
1000000333443
1000000257439
392705
72894
9000001040680
9000000928039
9000000546496
9000000324044
9000000321031
3000020009806
3000020002815
3000020001021
3000010040334
3000010039000
3000010037021
3000010035055
3000010030997
3000010022685
3000010016158
3000010007277
3000010005365
3000010004913
3000010004020
3000010003208
3000010000857
1000000590725
1000000541482
1000000466074
1000000461356
1000000461255
1000000424300
1000000403761
1000000367243
10619
9000001042749
9000000974287
9000000760168
9000000709499
9000000371698
3000020007086
3000010043458
3000010034643
3000010033096
3000010025662
3000010017350
3000010015954
3000010015280
3000010014714
3000010009685
3000010008884
3000010007027
3000010003987
3000010001824
3000010000067
1000000533908
1000000531425
1000000493483
1000000493427
1000000456097
1000000441728
1000000416502
45639200000
561880
298851
267474
9000001136173
9000001136141
9000000987619
9000000558386
9000000370704
9000000274483
9000000133956
3000020017813
3000020012310
3000020008725
3000020007863
3000020006164
3000020005019
3000020002261
3000010042871
3000010024772
3000010014839
3000010014306
3000010014267
3000010011313
3000010010930
3000010005363
3000010004613
3000010001064
3000010000174
1000001863015
1000000652564
1000000568066
1000000547842
1000000525205
1000000524467
1000000490170
1000000476333
1000000464532
1000000453850
1000000451049
1000000449691
1000000440356
1000000346692
1000000267072
625873
460390
248093
216177
9000001047017
9000001042305
9000000924685
9000000807907
9000000709980
9000000495185
9000000324046
9000000095288
3000020018880
3000020017936
3000020014617
3000020011822
3000020011415
3000020008616
3000020005638
3000020000791
3000010038048
3000010035440
3000010026480
3000010023746
3000010019557
3000010017653
3000010016704
3000010013220
3000010005575
3000010001931
3000010001552
3000010000868
3000010000826
3000010000434
2000000189288
1000000590752
1000000578627
1000000537857
1000000536552
1000000533099
1000000531248
1000000512299
1000000510276
1000000510025
1000000485099
1000000471506
1000000471350
1000000463397
1000000460653
1000000455060
1000000443907
1000000436787
1000000435407
1000000258835
292148
266854
44566
9000001152044
9000001136891
9000001136083
9000001071580
9000001071425
9000000985637
9000000958614
9000000928873
9000000463694
9000000458942
9000000419029
9000000320803
3000020021689
3000020016073
3000020013703
3000020011991
3000020011327
3000020010791
3000020010451
3000020008521
3000020004481
3000020003582
3000020001170
3000010042954
3000010034796
3000010019313
3000010014319
3000010014161
3000010005325
3000010002257
3000010001901
1000000590084
1000000511048
1000000491461
1000000488959
1000000461819
1000000446723
1000000415169
1000000378606
43600400000
263284
230408
148774
10422
9000001078231
9000000974868
9000000973579
9000000961880
9000000928068
9000000736222
9000000643149
9000000571506
3000020020899
3000020017946
3000020010947
3000020002433
3000020002358
3000020001390
3000020000309
3000010042857
3000010042278
3000010041911
3000010041487
3000010040278
3000010037288
3000010036135
3000010034820
3000010026259
3000010025140
3000010021332
3000010020804
3000010017685
3000010013895
3000010010258
3000010002962
3000010001783
3000010001251
2000000232595
2000000231484
1000000718492
1000000622421
1000000592903
1000000579857
1000000578344
1000000513652
1000000497726
1000000477140
17270300000
638937
544441
89700
10431
9000002454267
9000001152666
9000001138897
9000000984588
9000000970450
9000000958627
9000000927446
9000000924646
9000000919183
9000000873371
9000000817630
9000000122590
3000020020429
3000020008884
3000020008780
3000020006044
3000020001800
3000010033212
3000010031175
3000010024655
3000010024108
3000010018637
3000010015988
3000010012432
3000010008918
3000010004891
2000000386790
2000000151063
2000000074199
1000000623158
1000000576563
1000000464517
1000000461185
1000000364550
1000000327210
1000000325613
1000000308476
45385400000
566600
544186
445819
159233
71864
10613
9000001136070
9000000974937
9000000634483
9000000459229
9000000371834
9000000338766
3000020020581
3000020014068
3000020013607
3000020007570
3000020004607
3000020003902
3000020000552
3000010042900
3000010040459
3000010015124
3000010011485
3000010010345
3000010010152
3000010008710
3000010005931
3000010005334
3000010002759
2000000387820
2000000357765
2000000188590
1000000736182
1000000733574
1000000708939
1000000577538
1000000568599
1000000558650
1000000545766
1000000532104
1000000524518
1000000509834
1000000458556
1000000426802
1000000424109
1000000371438
1000000369481
1000000221070
1000000206085
1000000123460
40984800000
409068
148731
65189
9000001208402
9000001202028
9000001152662
9000001136155
9000001136100
9000001022147
9000000987449
9000000968197
9000000890240
3000020019167
3000020017796
3000020015447
3000020014567
3000020013426
3000020002914
3000010040377
3000010039763
3000010038504
3000010037998
3000010035196
3000010031993
3000010022939
3000010021237
3000010019594
3000010017625
3000010010526
3000010010169
3000010007920
3000010004822
3000010003029
3000010002904
3000010002155
3000010001460
3000010000899
1000000962454
1000000664170
1000000652475
1000000621233
1000000533657
1000000508037
1000000492910
1000000476888
1000000465409
1000000463476
1000000461536
1000000459943
1000000446482
1000000403796
1000000301985
1000000266848
1000000228190
532500
517627
248405
240520
109846
71940
9000001136742
9000001133733
9000001109897
9000001098909
9000001043001
9000000966597
9000000882877
9000000807874
9000000370771
9000000317165
9000000164389
9000000134453
9000000133839
4000000464251
3000020021579
3000020018911
3000020001522
3000010043614
3000010042938
3000010042866
3000010040859
3000010038988
3000010036579
3000010029714
3000010029354
3000010028431
3000010027572
3000010025514
3000010025311
3000010022630
3000010021816
3000010019344
3000010013360
3000010009467
3000010008865
3000010008218
3000010005984
3000010004206
3000010001090
3000010000964
2000000253488
2000000253231
2000000151676
2000000141121
1000001665371
1000001034804
1000000689343
1000000677177
1000000513796
1000000508128
1000000487565
1000000485890
1000000482563
1000000481687
1000000478640
1000000468009
1000000463261
1000000434225
1000000429012
1000000378583
1000000348382
1000000278698
1000000215806
411648
255583
230707
165376
9000001153918
9000001136357
9000001136330
9000001136328
9000001043664
9000000985763
9000000959527
9000000324026
4000001082508
3000020019701
3000020018598
3000020017135
3000020011555
3000020002239
3000020001614
3000020000867
3000020000122
3000010041444
3000010037970
3000010035429
3000010034754
3000010034515
3000010032331
3000010027844
3000010015617
3000010014194
3000010013465
3000010013142
3000010010725
3000010008517
3000010007811
3000010006836
3000010006469
3000010005893
3000010003453
3000010000908
3000010000479
3000010000437
2000000232900
1000001850335
1000000664833
1000000624261
1000000513908
1000000512674
1000000478548
1000000477311
1000000464451
1000000438808
1000000425916
1000000321561
1000000270022
41735700000
41730500000
39945000000
535842
412753
286571
161940
148877
89770
9000001153178
9000001136056
9000000975111
9000000930628
9000000809303
9000000755374
9000000643062
9000000545811
9000000371801
9000000371713
9000000133761
9000000123213
3000020019889
3000020016951
3000020013444
3000020013145
3000020007150
3000010042896
3000010040688
3000010036717
3000010036344
3000010035623
3000010029238
3000010028620
3000010026022
3000010024464
3000010020089
3000010019907
3000010012570
3000010012282
3000010011512
3000010010793
3000010009939
3000010009106
3000010005252
3000010004965
3000010004863
3000010004296
3000010002500
1000000658149
1000000553941
1000000552800
1000000515414
1000000510080
1000000489576
1000000481682
1000000478638
1000000476145
1000000452392
1000000425185
1000000410222
1000000372522
1000000367753
1000000358646
1000000223877
547587
336527
262712
182137
73540
9000001136439
9000001136165
9000001136149
9000001136109
9000000987157
9000000984175
9000000974439
9000000806306
9000000760210
9000000398362
9000000133906
3000020018358
3000020015114
3000020014046
3000020013598
3000020012639
3000020007887
3000020003242
3000020001597
3000020000855
3000010042418
3000010027715
3000010024788
3000010023127
3000010017806
3000010017567
3000010015281
3000010012745
3000010009676
3000010009374
3000010009020
3000010008987
3000010005034
3000010004950
3000010003209
3000010002764
3000010002724
3000010002597
3000010002536
3000010000564
3000010000390
2000000233712
2000000233065
1000001582957
1000000670528
1000000633369
1000000620395
1000000617706
1000000554996
1000000507730
1000000487749
1000000486572
1000000480168
1000000475481
1000000471742
1000000467728
1000000465525
1000000460737
1000000453611
1000000435575
1000000431205
1000000407331
1000000400288
1000000399711
1000000393505
1000000347062
1000000339403
1000000315077
1000000309515
1000000194622
444972
298332
291045
271146
237749
177990
65535
10459
9000001136887
9000001136312
9000001136137
9000001136082
9000001072785
9000001070862
9000001046717
9000001042875
9000001042156
9000000986292
9000000370002
9000000339111
9000000135020
9000000134818
4000000388712
3000020019531
3000020016066
3000020015561
3000020011897
3000020010247
3000020010201
3000020009365
3000020008194
3000020008184
3000020005015
3000020002750
3000010041485
3000010037607
3000010037246
3000010035624
3000010030432
3000010029371
3000010027733
3000010026923
3000010022510
3000010018832
3000010013426
3000010008800
3000010008390
3000010006704
3000010006180
3000010005506
3000010004083
3000010002900
3000010002379
3000010001637
3000010001364
3000010000894
3000010000644
3000010000429
3000010000294
2000000236358
2000000234033
2000000188572
1000000754108
1000000735792
1000000675748
1000000650931
1000000639055
1000000620897
1000000601929
1000000562372
1000000550247
1000000537546
1000000533230
1000000531675
1000000531082
1000000482731
1000000461634
1000000460370
1000000427050
1000000383118
1000000332827
1000000228325
1000000217957
517739
400621
400306
294326
263623
254056
9000001202024
9000000971696
9000000970368
9000000883391
9000000724151
9000000690842
9000000639066
9000000494790
9000000417341
9000000371782
9000000325151
9000000307556
9000000190298
9000000181298
9000000134106
9000000123194
9000000092953
4000001013715
3000020011631
3000020010831
3000020007741
3000020004637
3000020003997
3000020001276
3000020001103
3000010039502
3000010037977
3000010035957
3000010034053
3000010033365
3000010032055
3000010030280
3000010029996
3000010026373
3000010025761
3000010022040
3000010015358
3000010013530
3000010010349
3000010009094
3000010008397
3000010008383
3000010007627
3000010002843
3000010002778
3000010000963
2000000232506
2000000161658
1000000735441
1000000650822
1000000650666
1000000601897
1000000577263
1000000558646
1000000550516
1000000540472
1000000533278
1000000532881
1000000530525
1000000527809
1000000527798
1000000485166
1000000481549
1000000471109
1000000464445
1000000455939
1000000443022
1000000418050
1000000378581
1000000327876
1000000247984
621268
298539
239499
237328
230160
222486
148997
109865
49768
3354
9000001136064
9000001136036
9000001072287
9000000986706
9000000973043
9000000925894
9000000890203
9000000814079
9000000805989
9000000751932
9000000495159
9000000170872
9000000135076
9000000134907
9000000134494
9000000098955
3000020016640
3000020015663
3000020012026
3000020009927
3000020008574
3000020008366
3000020007397
3000020005720
3000020005716
3000020003172
3000020000444
3000010042610
3000010041842
3000010032541
3000010029603
3000010028181
3000010024814
3000010021521
3000010018845
3000010016521
3000010010592
3000010010462
3000010009980
3000010008588
3000010008334
3000010007856
3000010007305
3000010006492
3000010004532
3000010002995
3000010001953
3000010000630
3000010000286
2000000196358
2000000135356
1000000606112
1000000602523
1000000551772
1000000550566
1000000539426
1000000515761
1000000512665
1000000499489
1000000485192
1000000484737
1000000481614
1000000471362
1000000465911
1000000465460
1000000463580
1000000460713
1000000457862
1000000442142
1000000440815
1000000426483
1000000403156
1000000270752
1000000254116
569279
344282
301639
161673
149193
65547
1538
9000001152621
9000001152470
9000001042785
9000001036039
9000000987068
9000000985383
9000000974174
9000000966445
9000000928147
9000000925966
9000000882991
9000000643065
9000000417858
9000000104030
3000020021798
3000020020013
3000020015169
3000020012398
3000020012165
3000020012095
3000020008866
3000020007723
3000020007068
3000020006360
3000020006280
3000020005308
3000020002459
3000020002423
3000010036226
3000010035485
3000010034680
3000010034435
3000010033207
3000010033075
3000010030892
3000010030783
3000010029955
3000010027848
3000010026590
3000010026215
3000010025515
3000010024300
3000010019660
3000010012310
3000010011831
3000010010403
3000010009083
3000010008587
3000010008562
3000010008246
3000010005895
3000010002670
3000010001957
3000010001866
3000010001763
3000010001493
3000010000680
3000010000027
2000000396019
2000000253388
2000000233167
2000000092004
2000000080382
1000000577881
1000000546268
1000000539371
1000000514092
1000000497765
1000000495194
1000000486038
1000000484100
1000000484093
1000000483797
1000000481841
1000000481298
1000000478415
1000000471103
1000000463283
1000000462555
1000000430772
1000000424613
1000000421749
1000000402116
1000000399126
1000000391903
1000000371474
1000000365072
1000000360504
1000000267241
1000000244040
1000000141381
44780700000
41729200000
412295
288389
51377
9000001139790
9000001136258
9000001136057
9000001134106
9000001072213
9000000986372
9000000973611
9000000972538
9000000968589
9000000947398
9000000890269
9000000725725
9000000653654
9000000640118
9000000501821
9000000122311
9000000094228
4000001056120
4000000453517
3000020020931
3000020019901
3000020018535
3000020017745
3000020015194
3000020010764
3000020009961
3000020008256
3000020008210
3000020006391
3000020005295
3000020004489
3000020003887
3000020001575
3000020000665
3000010043622
3000010042557
3000010039477
3000010038298
3000010036106
3000010034508
3000010033200
3000010032988
3000010032588
3000010032371
3000010031738
3000010031731
3000010028891
3000010027726
3000010027556
3000010027191
3000010026066
3000010025204
3000010022230
3000010021677
3000010018912
3000010018815
3000010017823
3000010017605
3000010015107
3000010012238
3000010009143
3000010008928
3000010008355
3000010007228
3000010007046
3000010004043
3000010002223
3000010000320
2000000189750
2000000188568
2000000111288
1000001792230
1000001129696
1000000738850
1000000645281
1000000637219
1000000573272
1000000570938
1000000558652
1000000551317
1000000537132
1000000536744
1000000531635
1000000528876
1000000527811
1000000507420
1000000499820
1000000497772
1000000491158
1000000487751
1000000480903
1000000463460
1000000457824
1000000452999
1000000413418
1000000386557
1000000355639
1000000253581
1000000170991
1000000107274
165650
44600
43440
10406
9000001136159
9000001136145
9000001136055
9000001100130
9000001085602
9000000984939
9000000969906
9000000961867
9000000947111
9000000897847
9000000876619
9000000797532
9000000341028
9000000320581
9000000181168
9000000134365
9000000122449
9000000010154
3000020017279
3000020016779
3000020014337
3000020013388
3000020012481
3000020012354
3000020011052
3000020008559
3000020007994
3000020007371
3000020004621
3000020004513
3000020003703
3000010041910
3000010040469
3000010035750
3000010035408
3000010032761
3000010031123
3000010028543
3000010026488
3000010025564
3000010024771
3000010023650
3000010018043
3000010017451
3000010016993
3000010015127
3000010013913
3000010013806
3000010011718
3000010011627
3000010010939
3000010010577
3000010010464
3000010010144
3000010009115
3000010008816
3000010007119
3000010006172
3000010006099
3000010004464
3000010003293
3000010002698
3000010002437
3000010002319
3000010002259
3000010001640
3000010001606
3000010001466
3000010000456
2000000253396
2000000232383
2000000217842
2000000133417
1000000644372
1000000627011
1000000604488
1000000604043
1000000575609
1000000568854
1000000556205
1000000555745
1000000544307
1000000543709
1000000538966
1000000529530
1000000513049
1000000508670
1000000500505
1000000494265
1000000489273
1000000482309
1000000477037
1000000469576
1000000465542
1000000463236
1000000457879
1000000453931
1000000446480
1000000435611
1000000371423
1000000313508
1000000313108
45724900000
446168
412294
409322
302459
230309
200529
178123
161704
148700
9000001208385
9000001200899
9000001152035
9000001109965
9000001072808
9000001042330
9000000987494
9000000984583
9000000956720
9000000925928
9000000631374
9000000619617
9000000501812
9000000417345
9000000416386
9000000266672
4000001057957
3000020020262
3000020018641
3000020012690
3000020012477
3000020012204
3000020011669
3000020011502
3000020010529
3000020010452
3000020006104
3000020005639
3000020004380
3000020002547
3000010043688
3000010043459
3000010038175
3000010035733
3000010034808
3000010032213
3000010029341
3000010028653
3000010027936
3000010024760
3000010018344
3000010013072
3000010012953
3000010012592
3000010012245
3000010010865
3000010010511
3000010009233
3000010008895
3000010007866
3000010007019
3000010006167
3000010006079
3000010003130
3000010002448
3000010002348
3000010001929
3000010001440
3000010001357
3000010000968
3000010000609
3000010000494
2000000233163
2000000082146
1000000618661
1000000601895
1000000601059
1000000600176
1000000582740
1000000574404
1000000561809
1000000555078
1000000554006
1000000550592
1000000540296
1000000536589
1000000494790
1000000492389
1000000478671
1000000478539
1000000465521
1000000465178
1000000461171
1000000458577
1000000457567
1000000450992
1000000429950
1000000418213
1000000414402
1000000352634
1000000325584
1000000259196
41024000000
542543
528764
478906
462004
407120
294897
9000002181285
9000001153006
9000001152595
9000001151556
9000001136143
9000001136114
9000001136081
9000001106939
9000001071411
9000000984248
9000000973938
9000000973913
9000000972476
9000000970729
9000000929067
9000000927671
9000000917608
9000000890206
9000000806320
9000000648652
9000000640104
9000000635060
9000000513172
9000000135131
9000000104020
9000000095139
9000000025596
4000001053040
4000000441713
4000000411381
3000020017606
3000020017286
3000020013203
3000020011231
3000020009978
3000020006311
3000020005472
3000020005055
3000020005026
3000020003330
3000010042459
3000010041367
3000010040579
3000010040445
3000010038361
3000010036880
3000010036495
3000010036108
3000010034522
3000010029869
3000010028791
3000010028502
3000010024252
3000010024164
3000010021460
3000010021269
3000010020822
3000010019586
3000010018223
3000010017509
3000010009007
3000010008045
3000010007680
3000010006370
3000010005591
3000010005428
3000010005158
3000010004764
3000010004649
3000010003488
3000010003164
3000010003137
3000010002845
3000010000627
3000010000291
3000010000271
2000000225864
2000000140744
1000001792659
1000000627631
1000000592481
1000000557796
1000000554328
1000000542860
1000000540823
1000000524974
1000000510778
1000000502022
1000000492440
1000000491705
1000000488967
1000000487278
1000000483798
1000000481259
1000000479176
1000000477398
1000000463481
1000000463286
1000000456131
1000000442337
1000000438343
1000000390705
1000000388900
1000000369016
1000000366210
1000000358617
1000000253508
1000000244101
1000000205816
1000000195731
1000000178404
43602000000
41736900000
487883
461890
445391
337170
280554
267917
245847
161695
85044
84929
44573
9000001204240
9000001202037
9000001152968
9000001136335
9000001136150
9000001136104
9000001073045
9000001071737
9000000975330
9000000974647
9000000970424
9000000967795
9000000966940
9000000963774
9000000927657
9000000882611
9000000807061
9000000801701
9000000736195
9000000709581
9000000637016
9000000547261
4000000613750
3000020019638
3000020019473
3000020019359
3000020018650
3000020016119
3000020015136
3000020014890
3000020014193
3000020013013
3000020011711
3000020010511
3000020010443
3000020010374
3000020008174
3000020006623
3000020006353
3000020005182
3000020003539
3000020003144
3000020002219
3000020001403
3000010043835
3000010042313
3000010041968
3000010039409
3000010038218
3000010037974
3000010036321
3000010034752
3000010033630
3000010032105
3000010032002
3000010030308
3000010029199
3000010028384
3000010028304
3000010027361
3000010027105
3000010025813
3000010024153
3000010023795
3000010020098
3000010019427
3000010018669
3000010017686
3000010017553
3000010017460
3000010017163
3000010016896
3000010016842
3000010011951
3000010008396
3000010008259
3000010007444
3000010006926
3000010006298
3000010006197
3000010005872
3000010003492
3000010003465
3000010002241
3000010001406
3000010000884
3000010000224
2000000389577
2000000234261
2000000220900
2000000176767
2000000113168
1000000666299
1000000648425
1000000636263
1000000633193
1000000630696
1000000625948
1000000612388
1000000609394
1000000574462
1000000556557
1000000555874
1000000547922
1000000530351
1000000505967
1000000485175
1000000473658
1000000468928
1000000465503
1000000445684
1000000444528
1000000434118
1000000412001
1000000386554
1000000370123
1000000358656
1000000352309
1000000327896
1000000314647
1000000267364
45077300000
426266
305868
295644
248463
240664
71946
43473
10623
7584
9000001150920
9000001139248
9000001139244
9000001136332
9000001072385
9000001071322
9000001054145
9000001044975
9000000975272
9000000974763
9000000974534
9000000972059
9000000971543
9000000971409
9000000968951
9000000967913
9000000952947
9000000927323
9000000889432
9000000882045
9000000873805
9000000619654
9000000315227
9000000280780
3000020021922
3000020021113
3000020017583
3000020015043
3000020014079
3000020013490
3000020013451
3000020011636
3000020008397
3000020007007
3000020006295
3000020005871
3000020004651
3000020002958
3000020002501
3000020001527
3000020001435
3000020000764
3000010039677
3000010038505
3000010035364
3000010032718
3000010030237
3000010028755
3000010025993
3000010022121
3000010017946
3000010016806
3000010015768
3000010015612
3000010015540
3000010015003
3000010014595
3000010013383
3000010012464
3000010012416
3000010012400
3000010010568
3000010010252
3000010007461
3000010007128
3000010006193
3000010005431
3000010004777
3000010003405
3000010003321
3000010002930
3000010001096
3000010000813
3000010000269
2000000257245
2000000232790
2000000212517
2000000098697
1000000825964
1000000807643
1000000622565
1000000620832
1000000606105
1000000602538
1000000590507
1000000570935
1000000569963
1000000544218
1000000542834
1000000539449
1000000530682
1000000515747
1000000510805
1000000481574
1000000461951
1000000454455
1000000433111
1000000430294
1000000425510
1000000425438
1000000421576
1000000413305
1000000388257
1000000384466
1000000381204
1000000378691
1000000372163
1000000363825
1000000327201
1000000327121
1000000239116
1000000236318
1000000191182
412704
409115
169767
5171
9000001207029
9000001203425
9000001153211
9000001153157
9000001136317
9000001136308
9000001136168
9000001136024
9000000983686
9000000974555
9000000971478
9000000971156
9000000946396
9000000928180
9000000888582
9000000882278
9000000873414
9000000790454
9000000654725
9000000553927
9000000337183
9000000135170
9000000123186
9000000122999
9000000026298
9000000017431
5000002300324
3000020021548
3000020019951
3000020018930
3000020017733
3000020015594
3000020015124
3000020014558
3000020013851
3000020011841
3000020010694
3000020010508
3000020008670
3000020007034
3000020005113
3000020004770
3000020003717
3000020002997
3000020002893
3000020002742
3000020002481
3000020001307
3000020000068
3000010043447
3000010040123
3000010039798
3000010039270
3000010038687
3000010036405
3000010032992
3000010031909
3000010030256
3000010029620
3000010029607
3000010027347
3000010027310
3000010026763
3000010025611
3000010025584
3000010022866
3000010021447
3000010019884
3000010019626
3000010017769
3000010016526
3000010015494
3000010015242
3000010015093
3000010013792
3000010009168
3000010008217
3000010005455
3000010005085
3000010004643
3000010004320
3000010003958
3000010003899
3000010003498
3000010003219
3000010003172
3000010002989
3000010002758
3000010002398
3000010001331
3000010001144
3000010001109
3000010000931
3000010000410
3000010000354
3000010000305
3000010000288
2000000251273
2000000226541
2000000210128
2000000156691
2000000120596
1000000818467
1000000688884
1000000687864
1000000625633
1000000622501
1000000617773
1000000616441
1000000589816
1000000589056
1000000583253
1000000569102
1000000569084
1000000567799
1000000559000
1000000532066
1000000513444
1000000511739
1000000485367
1000000480037